        Date        , GPU Clock [MHz] , Memory Clock [MHz] , GPU Temperature [°C] , GPU Temperature (Hot Spot) [°C] , Fan Speed (%) [%] , Fan Speed (RPM) [RPM] , GPU Load [%] , Memory Controller Load [%] , Memory Used (Dedicated) [MB] , Memory Used (Dynamic) [MB] , GPU Chip Power Draw [W] , GPU Voltage [V] , CPU Temperature [°C] , System Memory Used [MB] ,
2026-09-13 06:43:21 ,         498.0   ,             14.0   ,               48.0   ,                          49.0   ,               0   ,                   0   ,          0   ,                        1   ,                        235   ,                       51   ,                  15.0   ,         0.800   ,               27.0   ,                  4308   ,
2026-09-13 06:43:22 ,         498.0   ,             12.0   ,               48.0   ,                          49.0   ,               0   ,                   0   ,          0   ,                        1   ,                        235   ,                       51   ,                  15.0   ,         0.800   ,               28.0   ,                  4302   ,
2026-09-13 06:43:23 ,         498.0   ,              8.0   ,               48.0   ,                          49.0   ,               0   ,                   0   ,          0   ,                        1   ,                        235   ,                       51   ,                  15.0   ,         0.800   ,               27.0   ,                  4303   ,
2026-09-13 06:43:24 ,         498.0   ,             10.0   ,               48.0   ,                          49.0   ,               0   ,                   0   ,          0   ,                        1   ,                        235   ,                       51   ,                  15.0   ,         0.800   ,               26.0   ,                  4297   ,
2026-09-13 06:43:25 ,         498.0   ,              8.0   ,               48.0   ,                          49.0   ,               0   ,                   0   ,          0   ,                        1   ,                        235   ,                       51   ,                  15.0   ,         0.800   ,               28.0   ,                  4306   ,
2026-09-13 06:43:26 ,         498.0   ,             12.0   ,               48.0   ,                          49.0   ,               0   ,                   0   ,          0   ,                        1   ,                        235   ,                       51   ,                  15.0   ,         0.800   ,               30.0   ,                  4302   ,
2026-09-13 06:43:28 ,         498.0   ,             14.0   ,               48.0   ,                          49.0   ,               0   ,                   0   ,          1   ,                        1   ,                        235   ,                       51   ,                  15.0   ,         0.800   ,               28.0   ,                  4314   ,
2026-09-13 06:43:29 ,         497.0   ,              8.0   ,               48.0   ,                          48.0   ,               0   ,                   0   ,          0   ,                        1   ,                        235   ,                       51   ,                  15.0   ,         0.800   ,               27.0   ,                  4313   ,
2026-09-13 06:43:29 ,         498.0   ,              8.0   ,               48.0   ,                          49.0   ,               0   ,                   0   ,          0   ,                        1   ,                        235   ,                       51   ,                  15.0   ,         0.800   ,               27.0   ,                  4307   ,
2026-09-13 06:43:30 ,         498.0   ,             10.0   ,               48.0   ,                          49.0   ,               0   ,                   0   ,          0   ,                        1   ,                        235   ,                       51   ,                  15.0   ,         0.800   ,               27.0   ,                  4305   ,
2026-09-13 06:43:32 ,         498.0   ,              8.0   ,               47.0   ,                          48.0   ,               0   ,                   0   ,          0   ,                        1   ,                        235   ,                       51   ,                  15.0   ,         0.800   ,               26.0   ,                  4296   ,
2026-09-13 06:43:33 ,         498.0   ,              8.0   ,               48.0   ,                          49.0   ,               0   ,                   0   ,          0   ,                        1   ,                        235   ,                       51   ,                  15.0   ,         0.800   ,               27.0   ,                  4289   ,
2026-09-13 06:43:34 ,         497.0   ,              8.0   ,               48.0   ,                          48.0   ,               0   ,                   0   ,          0   ,                        1   ,                        235   ,                       51   ,                  15.0   ,         0.800   ,               26.0   ,                  4291   ,
2026-09-13 06:43:35 ,         498.0   ,             10.0   ,               48.0   ,                          49.0   ,               0   ,                   0   ,          0   ,                        1   ,                        235   ,                       51   ,                  15.0   ,         0.800   ,               26.0   ,                  4287   ,
2026-09-13 06:43:36 ,         497.0   ,              8.0   ,               48.0   ,                          49.0   ,               0   ,                   0   ,          0   ,                        1   ,                        235   ,                       51   ,                  15.0   ,         0.800   ,               26.0   ,                  4286   ,
2026-09-13 06:43:37 ,         498.0   ,              8.0   ,               48.0   ,                          48.0   ,               0   ,                   0   ,          0   ,                        1   ,                        235   ,                       51   ,                  15.0   ,         0.800   ,               26.0   ,                  4286   ,
2026-09-13 06:43:38 ,         498.0   ,             12.0   ,               48.0   ,                          49.0   ,               0   ,                   0   ,          0   ,                        1   ,                        235   ,                       51   ,                  15.0   ,         0.800   ,               26.0   ,                  4284   ,
2026-09-13 06:43:39 ,         498.0   ,             10.0   ,               48.0   ,                          49.0   ,               0   ,                   0   ,          0   ,                        1   ,                        235   ,                       51   ,                  15.0   ,         0.800   ,               26.0   ,                  4285   ,
2026-09-13 06:43:40 ,         498.0   ,              8.0   ,               47.0   ,                          48.0   ,               0   ,                   0   ,          0   ,                        1   ,                        235   ,                       51   ,                  15.0   ,         0.800   ,               26.0   ,                  4284   ,
2026-09-13 06:43:41 ,         497.0   ,              8.0   ,               48.0   ,                          48.0   ,               0   ,                   0   ,          0   ,                        1   ,                        235   ,                       51   ,                  15.0   ,         0.800   ,               26.0   ,                  4282   ,
2026-09-13 06:43:42 ,         498.0   ,             10.0   ,               48.0   ,                          49.0   ,               0   ,                   0   ,          0   ,                        1   ,                        235   ,                       51   ,                  15.0   ,         0.800   ,               26.0   ,                  4281   ,
2026-09-13 06:43:43 ,         498.0   ,              8.0   ,               48.0   ,                          48.0   ,               0   ,                   0   ,          0   ,                        1   ,                        235   ,                       51   ,                  15.0   ,         0.800   ,               26.0   ,                  4279   ,
2026-09-13 06:43:44 ,         498.0   ,              8.0   ,               48.0   ,                          48.0   ,               0   ,                   0   ,          0   ,                        1   ,                        235   ,                       51   ,                  15.0   ,         0.800   ,               26.0   ,                  4280   ,
2026-09-13 06:43:45 ,         498.0   ,              8.0   ,               48.0   ,                          49.0   ,               0   ,                   0   ,          0   ,                        1   ,                        235   ,                       51   ,                  15.0   ,         0.800   ,               26.0   ,                  4280   ,
2026-09-13 06:43:46 ,         498.0   ,              8.0   ,               48.0   ,                          48.0   ,               0   ,                   0   ,          0   ,                        1   ,                        235   ,                       50   ,                  15.0   ,         0.800   ,               26.0   ,                  4280   ,
2026-09-13 06:43:47 ,         498.0   ,             10.0   ,               47.0   ,                          48.0   ,               0   ,                   0   ,          0   ,                        1   ,                        235   ,                       50   ,                  15.0   ,         0.800   ,               26.0   ,                  4279   ,
2026-09-13 06:43:48 ,         498.0   ,              8.0   ,               47.0   ,                          48.0   ,               0   ,                   0   ,          0   ,                        1   ,                        235   ,                       50   ,                  15.0   ,         0.800   ,               26.0   ,                  4278   ,
2026-09-13 06:43:49 ,         497.0   ,              8.0   ,               48.0   ,                          48.0   ,               0   ,                   0   ,          0   ,                        1   ,                        235   ,                       50   ,                  15.0   ,         0.800   ,               26.0   ,                  4279   ,
2026-09-13 06:43:50 ,         498.0   ,             12.0   ,               48.0   ,                          48.0   ,               0   ,                   0   ,          0   ,                        1   ,                        235   ,                       50   ,                  15.0   ,         0.800   ,               26.0   ,                  4279   ,
2026-09-13 06:43:51 ,         499.0   ,             14.0   ,               48.0   ,                          49.0   ,               0   ,                   0   ,          1   ,                        1   ,                        235   ,                       50   ,                  15.0   ,         0.800   ,               27.0   ,                  4287   ,
2026-09-13 06:43:52 ,         498.0   ,             10.0   ,               48.0   ,                          48.0   ,               0   ,                   0   ,          0   ,                        1   ,                        235   ,                       50   ,                  15.0   ,         0.800   ,               26.0   ,                  4286   ,
2026-09-13 06:43:53 ,         498.0   ,             10.0   ,               48.0   ,                          48.0   ,               0   ,                   0   ,          0   ,                        1   ,                        235   ,                       50   ,                  15.0   ,         0.800   ,               27.0   ,                  4285   ,
2026-09-13 06:43:54 ,         498.0   ,             10.0   ,               48.0   ,                          48.0   ,               0   ,                   0   ,          0   ,                        1   ,                        235   ,                       50   ,                  15.0   ,         0.800   ,               26.0   ,                  4286   ,
2026-09-13 06:43:55 ,         498.0   ,             10.0   ,               47.0   ,                          49.0   ,               0   ,                   0   ,          0   ,                        1   ,                        235   ,                       50   ,                  15.0   ,         0.800   ,               26.0   ,                  4286   ,
2026-09-13 06:43:56 ,         497.0   ,             10.0   ,               48.0   ,                          48.0   ,               0   ,                   0   ,          0   ,                        1   ,                        235   ,                       50   ,                  15.0   ,         0.800   ,               26.0   ,                  4285   ,
2026-09-13 06:43:57 ,         498.0   ,              8.0   ,               47.0   ,                          48.0   ,               0   ,                   0   ,          0   ,                        1   ,                        235   ,                       50   ,                  15.0   ,         0.800   ,               26.0   ,                  4277   ,
2026-09-13 06:43:58 ,         498.0   ,              8.0   ,               47.0   ,                          48.0   ,               0   ,                   0   ,          0   ,                        1   ,                        235   ,                       50   ,                  15.0   ,         0.800   ,               26.0   ,                  4276   ,
2026-09-13 06:43:59 ,         498.0   ,             10.0   ,               48.0   ,                          48.0   ,               0   ,                   0   ,          0   ,                        1   ,                        235   ,                       50   ,                  15.0   ,         0.800   ,               26.0   ,                  4274   ,
2026-09-13 06:44:00 ,         498.0   ,              8.0   ,               48.0   ,                          48.0   ,               0   ,                   0   ,          0   ,                        1   ,                        235   ,                       50   ,                  15.0   ,         0.800   ,               26.0   ,                  4271   ,
2026-09-13 06:44:01 ,         498.0   ,             10.0   ,               47.0   ,                          48.0   ,               0   ,                   0   ,          0   ,                        1   ,                        235   ,                       50   ,                  15.0   ,         0.800   ,               26.0   ,                  4272   ,
2026-09-13 06:44:02 ,         498.0   ,             10.0   ,               48.0   ,                          48.0   ,               0   ,                   0   ,          0   ,                        1   ,                        237   ,                       51   ,                  15.0   ,         0.800   ,               26.0   ,                  4273   ,
2026-09-13 06:44:03 ,         498.0   ,             10.0   ,               48.0   ,                          48.0   ,               0   ,                   0   ,          0   ,                        1   ,                        235   ,                       51   ,                  15.0   ,         0.800   ,               26.0   ,                  4273   ,
2026-09-13 06:44:04 ,         498.0   ,             12.0   ,               48.0   ,                          48.0   ,               0   ,                   0   ,          0   ,                        1   ,                        235   ,                       51   ,                  15.0   ,         0.800   ,               26.0   ,                  4274   ,
2026-09-13 06:44:05 ,         501.0   ,            744.0   ,               48.0   ,                          49.0   ,               0   ,                   0   ,         10   ,                        1   ,                        243   ,                       51   ,                  17.0   ,         0.800   ,               28.0   ,                  4275   ,
2026-09-13 06:44:06 ,         499.0   ,             16.0   ,               48.0   ,                          49.0   ,               0   ,                   0   ,          2   ,                        2   ,                        239   ,                       51   ,                  15.0   ,         0.800   ,               27.0   ,                  4274   ,
2026-09-13 06:44:07 ,         498.0   ,             10.0   ,               48.0   ,                          48.0   ,               0   ,                   0   ,          0   ,                        1   ,                        239   ,                       51   ,                  15.0   ,         0.800   ,               26.0   ,                  4275   ,
2026-09-13 06:44:08 ,         498.0   ,             16.0   ,               48.0   ,                          48.0   ,               0   ,                   0   ,          1   ,                        1   ,                        239   ,                       51   ,                  15.0   ,         0.800   ,               26.0   ,                  4272   ,
2026-09-13 06:44:09 ,         498.0   ,             12.0   ,               48.0   ,                          48.0   ,               0   ,                   0   ,          0   ,                        1   ,                        239   ,                       51   ,                  15.0   ,         0.800   ,               26.0   ,                  4275   ,
2026-09-13 06:44:10 ,         498.0   ,             16.0   ,               48.0   ,                          48.0   ,               0   ,                   0   ,          1   ,                        1   ,                        239   ,                       51   ,                  15.0   ,         0.800   ,               26.0   ,                  4275   ,
2026-09-13 06:44:11 ,         498.0   ,             10.0   ,               47.0   ,                          48.0   ,               0   ,                   0   ,          0   ,                        1   ,                        239   ,                       51   ,                  15.0   ,         0.800   ,               26.0   ,                  4275   ,
2026-09-13 06:44:12 ,         498.0   ,             10.0   ,               48.0   ,                          48.0   ,               0   ,                   0   ,          0   ,                        1   ,                        239   ,                       51   ,                  15.0   ,         0.800   ,               27.0   ,                  4275   ,
2026-09-13 06:44:13 ,         498.0   ,             14.0   ,               47.0   ,                          48.0   ,               0   ,                   0   ,          0   ,                        1   ,                        235   ,                       51   ,                  15.0   ,         0.800   ,               26.0   ,                  4272   ,
2026-09-13 06:44:14 ,         498.0   ,             12.0   ,               48.0   ,                          48.0   ,               0   ,                   0   ,          0   ,                        1   ,                        235   ,                       51   ,                  15.0   ,         0.800   ,               27.0   ,                  4273   ,
2026-09-13 06:44:15 ,         498.0   ,             10.0   ,               48.0   ,                          48.0   ,               0   ,                   0   ,          0   ,                        1   ,                        235   ,                       51   ,                  15.0   ,         0.800   ,               27.0   ,                  4273   ,
2026-09-13 06:44:16 ,         499.0   ,             18.0   ,               48.0   ,                          48.0   ,               0   ,                   0   ,          4   ,                        1   ,                        235   ,                       51   ,                  15.0   ,         0.800   ,               26.0   ,                  4272   ,
2026-09-13 06:44:17 ,         498.0   ,              8.0   ,               48.0   ,                          49.0   ,               0   ,                   0   ,          0   ,                        1   ,                        235   ,                       51   ,                  15.0   ,         0.800   ,               26.0   ,                  4272   ,
2026-09-13 06:44:18 ,         498.0   ,              8.0   ,               48.0   ,                          48.0   ,               0   ,                   0   ,          0   ,                        1   ,                        235   ,                       51   ,                  15.0   ,         0.800   ,               26.0   ,                  4272   ,
2026-09-13 06:44:19 ,         498.0   ,              8.0   ,               48.0   ,                          48.0   ,               0   ,                   0   ,          0   ,                        1   ,                        235   ,                       51   ,                  15.0   ,         0.800   ,               26.0   ,                  4271   ,
2026-09-13 06:44:20 ,         498.0   ,              8.0   ,               48.0   ,                          49.0   ,               0   ,                   0   ,          0   ,                        1   ,                        235   ,                       51   ,                  15.0   ,         0.800   ,               26.0   ,                  4271   ,
2026-09-13 06:44:21 ,         498.0   ,              8.0   ,               47.0   ,                          48.0   ,               0   ,                   0   ,          0   ,                        1   ,                        235   ,                       51   ,                  15.0   ,         0.800   ,               26.0   ,                  4271   ,
2026-09-13 06:44:22 ,         498.0   ,              8.0   ,               48.0   ,                          48.0   ,               0   ,                   0   ,          0   ,                        1   ,                        235   ,                       51   ,                  15.0   ,         0.800   ,               26.0   ,                  4271   ,
2026-09-13 06:44:23 ,         498.0   ,             12.0   ,               47.0   ,                          48.0   ,               0   ,                   0   ,          0   ,                        1   ,                        235   ,                       51   ,                  15.0   ,         0.800   ,               27.0   ,                  4231   ,
2026-09-13 06:44:24 ,         498.0   ,             10.0   ,               47.0   ,                          48.0   ,               0   ,                   0   ,          0   ,                        1   ,                        235   ,                       51   ,                  15.0   ,         0.800   ,               26.0   ,                  4232   ,
2026-09-13 06:44:25 ,         498.0   ,             10.0   ,               47.0   ,                          48.0   ,               0   ,                   0   ,          0   ,                        1   ,                        235   ,                       51   ,                  15.0   ,         0.800   ,               26.0   ,                  4231   ,
2026-09-13 06:44:26 ,         498.0   ,              8.0   ,               48.0   ,                          48.0   ,               0   ,                   0   ,          0   ,                        1   ,                        236   ,                       51   ,                  15.0   ,         0.800   ,               26.0   ,                  4231   ,
2026-09-13 06:44:27 ,         498.0   ,             10.0   ,               47.0   ,                          48.0   ,               0   ,                   0   ,          0   ,                        1   ,                        236   ,                       51   ,                  15.0   ,         0.800   ,               26.0   ,                  4230   ,
2026-09-13 06:44:28 ,         498.0   ,              8.0   ,               47.0   ,                          48.0   ,               0   ,                   0   ,          0   ,                        1   ,                        236   ,                       51   ,                  15.0   ,         0.800   ,               26.0   ,                  4230   ,
2026-09-13 06:44:29 ,         498.0   ,              8.0   ,               48.0   ,                          48.0   ,               0   ,                   0   ,          0   ,                        1   ,                        236   ,                       51   ,                  15.0   ,         0.800   ,               26.0   ,                  4229   ,
2026-09-13 06:44:30 ,         498.0   ,              8.0   ,               48.0   ,                          48.0   ,               0   ,                   0   ,          0   ,                        1   ,                        236   ,                       51   ,                  15.0   ,         0.800   ,               26.0   ,                  4229   ,
2026-09-13 06:44:31 ,         498.0   ,             10.0   ,               48.0   ,                          48.0   ,               0   ,                   0   ,          0   ,                        1   ,                        236   ,                       51   ,                  15.0   ,         0.800   ,               26.0   ,                  4229   ,
2026-09-13 06:44:32 ,         498.0   ,              8.0   ,               48.0   ,                          48.0   ,               0   ,                   0   ,          0   ,                        1   ,                        236   ,                       51   ,                  15.0   ,         0.800   ,               26.0   ,                  4229   ,
2026-09-13 06:44:33 ,         498.0   ,              8.0   ,               48.0   ,                          48.0   ,               0   ,                   0   ,          0   ,                        1   ,                        236   ,                       51   ,                  15.0   ,         0.800   ,               26.0   ,                  4229   ,
2026-09-13 06:44:34 ,         498.0   ,              8.0   ,               48.0   ,                          48.0   ,               0   ,                   0   ,          0   ,                        1   ,                        236   ,                       51   ,                  15.0   ,         0.800   ,               26.0   ,                  4229   ,
2026-09-13 06:44:35 ,         498.0   ,             10.0   ,               48.0   ,                          48.0   ,               0   ,                   0   ,          0   ,                        1   ,                        236   ,                       51   ,                  15.0   ,         0.800   ,               26.0   ,                  4229   ,
2026-09-13 06:44:36 ,         498.0   ,              8.0   ,               47.0   ,                          48.0   ,               0   ,                   0   ,          0   ,                        1   ,                        236   ,                       51   ,                  15.0   ,         0.800   ,               26.0   ,                  4229   ,
2026-09-13 06:44:37 ,         498.0   ,              8.0   ,               48.0   ,                          48.0   ,               0   ,                   0   ,          0   ,                        1   ,                        236   ,                       51   ,                  15.0   ,         0.800   ,               26.0   ,                  4229   ,
2026-09-13 06:44:38 ,         499.0   ,              8.0   ,               47.0   ,                          48.0   ,               0   ,                   0   ,          0   ,                        1   ,                        236   ,                       51   ,                  15.0   ,         0.800   ,               26.0   ,                  4229   ,
2026-09-13 06:44:39 ,         498.0   ,             10.0   ,               47.0   ,                          49.0   ,               0   ,                   0   ,          0   ,                        1   ,                        236   ,                       51   ,                  15.0   ,         0.800   ,               26.0   ,                  4228   ,
2026-09-13 06:44:40 ,         498.0   ,              8.0   ,               47.0   ,                          48.0   ,               0   ,                   0   ,          0   ,                        1   ,                        236   ,                       51   ,                  15.0   ,         0.800   ,               26.0   ,                  4228   ,
2026-09-13 06:44:41 ,         498.0   ,              8.0   ,               48.0   ,                          48.0   ,               0   ,                   0   ,          0   ,                        1   ,                        237   ,                       51   ,                  15.0   ,         0.800   ,               26.0   ,                  4225   ,
2026-09-13 06:44:42 ,         498.0   ,             10.0   ,               47.0   ,                          48.0   ,               0   ,                   0   ,          0   ,                        1   ,                        235   ,                       51   ,                  17.0   ,         0.800   ,               26.0   ,                  4228   ,
2026-09-13 06:44:43 ,         498.0   ,             10.0   ,               47.0   ,                          48.0   ,               0   ,                   0   ,          0   ,                        1   ,                        235   ,                       51   ,                  15.0   ,         0.800   ,               26.0   ,                  4228   ,
2026-09-13 06:44:44 ,         498.0   ,             10.0   ,               47.0   ,                          48.0   ,               0   ,                   0   ,          0   ,                        1   ,                        235   ,                       51   ,                  15.0   ,         0.800   ,               26.0   ,                  4228   ,
2026-09-13 06:44:45 ,         498.0   ,              8.0   ,               47.0   ,                          48.0   ,               0   ,                   0   ,          0   ,                        1   ,                        235   ,                       51   ,                  15.0   ,         0.800   ,               27.0   ,                  4228   ,
2026-09-13 06:44:46 ,         498.0   ,             10.0   ,               48.0   ,                          48.0   ,               0   ,                   0   ,          0   ,                        1   ,                        235   ,                       51   ,                  15.0   ,         0.800   ,               27.0   ,                  4228   ,
2026-09-13 06:44:47 ,         498.0   ,             14.0   ,               48.0   ,                          48.0   ,               0   ,                   0   ,          1   ,                        1   ,                        235   ,                       51   ,                  15.0   ,         0.800   ,               26.0   ,                  4227   ,
2026-09-13 06:44:48 ,         498.0   ,              8.0   ,               48.0   ,                          49.0   ,               0   ,                   0   ,          0   ,                        1   ,                        235   ,                       51   ,                  15.0   ,         0.800   ,               26.0   ,                  4227   ,
2026-09-13 06:44:49 ,         498.0   ,              8.0   ,               47.0   ,                          48.0   ,               0   ,                   0   ,          0   ,                        1   ,                        235   ,                       51   ,                  15.0   ,         0.800   ,               26.0   ,                  4227   ,
2026-09-13 06:44:50 ,         498.0   ,              8.0   ,               48.0   ,                          48.0   ,               0   ,                   0   ,          0   ,                        1   ,                        235   ,                       51   ,                  15.0   ,         0.800   ,               26.0   ,                  4227   ,
2026-09-13 06:44:51 ,         498.0   ,             10.0   ,               47.0   ,                          48.0   ,               0   ,                   0   ,          0   ,                        1   ,                        235   ,                       51   ,                  15.0   ,         0.800   ,               26.0   ,                  4227   ,
2026-09-13 06:44:52 ,         498.0   ,             10.0   ,               48.0   ,                          48.0   ,               0   ,                   0   ,          0   ,                        1   ,                        235   ,                       51   ,                  15.0   ,         0.800   ,               26.0   ,                  4227   ,
2026-09-13 06:44:53 ,         498.0   ,             10.0   ,               47.0   ,                          48.0   ,               0   ,                   0   ,          0   ,                        1   ,                        235   ,                       51   ,                  15.0   ,         0.800   ,               26.0   ,                  4219   ,
2026-09-13 06:44:54 ,         499.0   ,             24.0   ,               48.0   ,                          48.0   ,               0   ,                   0   ,          4   ,                        3   ,                        235   ,                       51   ,                  15.0   ,         0.800   ,               26.0   ,                  4220   ,
2026-09-13 06:44:55 ,         498.0   ,             12.0   ,               47.0   ,                          48.0   ,               0   ,                   0   ,          0   ,                        1   ,                        235   ,                       51   ,                  15.0   ,         0.800   ,               26.0   ,                  4220   ,
2026-09-13 06:44:56 ,         498.0   ,             12.0   ,               48.0   ,                          48.0   ,               0   ,                   0   ,          0   ,                        1   ,                        235   ,                       51   ,                  15.0   ,         0.800   ,               26.0   ,                  4219   ,
2026-09-13 06:44:57 ,         498.0   ,             12.0   ,               47.0   ,                          48.0   ,               0   ,                   0   ,          0   ,                        1   ,                        235   ,                       51   ,                  15.0   ,         0.800   ,               26.0   ,                  4219   ,
2026-09-13 06:44:58 ,         497.0   ,             10.0   ,               47.0   ,                          48.0   ,               0   ,                   0   ,          0   ,                        1   ,                        235   ,                       51   ,                  15.0   ,         0.800   ,               26.0   ,                  4219   ,
2026-09-13 06:44:59 ,         498.0   ,             20.0   ,               47.0   ,                          48.0   ,               0   ,                   0   ,          1   ,                        1   ,                        236   ,                       51   ,                  15.0   ,         0.800   ,               26.0   ,                  4219   ,
2026-09-13 06:45:00 ,         498.0   ,             12.0   ,               47.0   ,                          48.0   ,               0   ,                   0   ,          0   ,                        1   ,                        235   ,                       51   ,                  15.0   ,         0.800   ,               26.0   ,                  4217   ,
2026-09-13 06:45:01 ,         498.0   ,             12.0   ,               48.0   ,                          48.0   ,               0   ,                   0   ,          0   ,                        1   ,                        235   ,                       51   ,                  15.0   ,         0.800   ,               26.0   ,                  4218   ,
2026-09-13 06:45:02 ,         498.0   ,              8.0   ,               48.0   ,                          48.0   ,               0   ,                   0   ,          0   ,                        1   ,                        235   ,                       51   ,                  15.0   ,         0.800   ,               26.0   ,                  4218   ,
2026-09-13 06:45:03 ,         498.0   ,             10.0   ,               47.0   ,                          48.0   ,               0   ,                   0   ,          0   ,                        1   ,                        235   ,                       51   ,                  15.0   ,         0.800   ,               26.0   ,                  4218   ,
2026-09-13 06:45:04 ,         498.0   ,             10.0   ,               47.0   ,                          48.0   ,               0   ,                   0   ,          0   ,                        1   ,                        235   ,                       51   ,                  15.0   ,         0.800   ,               26.0   ,                  4218   ,
2026-09-13 06:45:05 ,         498.0   ,             12.0   ,               48.0   ,                          48.0   ,               0   ,                   0   ,          1   ,                        1   ,                        235   ,                       51   ,                  15.0   ,         0.800   ,               26.0   ,                  4218   ,
2026-09-13 06:45:06 ,         498.0   ,              8.0   ,               47.0   ,                          48.0   ,               0   ,                   0   ,          0   ,                        1   ,                        235   ,                       51   ,                  15.0   ,         0.800   ,               30.0   ,                  4221   ,
2026-09-13 06:45:07 ,         499.0   ,             28.0   ,               48.0   ,                          48.0   ,               0   ,                   0   ,          3   ,                        1   ,                        260   ,                       53   ,                  15.0   ,         0.800   ,               32.0   ,                  4339   ,
2026-09-13 06:45:08 ,         498.0   ,             10.0   ,               48.0   ,                          48.0   ,               0   ,                   0   ,          0   ,                        1   ,                        271   ,                       53   ,                  15.0   ,         0.800   ,               27.0   ,                  4348   ,
2026-09-13 06:45:09 ,         498.0   ,              8.0   ,               47.0   ,                          48.0   ,               0   ,                   0   ,          0   ,                        1   ,                        270   ,                       53   ,                  15.0   ,         0.800   ,               27.0   ,                  4347   ,
2026-09-13 06:45:10 ,         498.0   ,              8.0   ,               48.0   ,                          48.0   ,               0   ,                   0   ,          0   ,                        1   ,                        292   ,                       53   ,                  17.0   ,         0.800   ,               26.0   ,                  4346   ,
2026-09-13 06:45:11 ,         498.0   ,             10.0   ,               47.0   ,                          48.0   ,               0   ,                   0   ,          0   ,                        1   ,                        292   ,                       53   ,                  15.0   ,         0.800   ,               26.0   ,                  4343   ,
2026-09-13 06:45:12 ,         502.0   ,            846.0   ,               48.0   ,                          50.0   ,               0   ,                   0   ,          7   ,                        0   ,                        285   ,                       53   ,                  29.0   ,         0.800   ,               27.0   ,                  4344   ,
2026-09-13 06:45:13 ,         498.0   ,              8.0   ,               48.0   ,                          48.0   ,               0   ,                   0   ,          0   ,                        1   ,                        289   ,                       53   ,                  16.0   ,         0.800   ,               27.0   ,                  4342   ,
2026-09-13 06:45:14 ,         500.0   ,            558.0   ,               48.0   ,                          49.0   ,               0   ,                   0   ,         10   ,                        3   ,                        289   ,                       53   ,                  20.0   ,         0.800   ,               27.0   ,                  4344   ,
2026-09-13 06:45:15 ,         499.0   ,             24.0   ,               48.0   ,                          49.0   ,               0   ,                   0   ,          0   ,                        1   ,                        289   ,                       53   ,                  21.0   ,         0.800   ,               27.0   ,                  4344   ,
2026-09-13 06:45:16 ,         498.0   ,             10.0   ,               48.0   ,                          48.0   ,               0   ,                   0   ,          0   ,                        1   ,                        289   ,                       53   ,                  15.0   ,         0.800   ,               27.0   ,                  4343   ,
2026-09-13 06:45:17 ,         497.0   ,              8.0   ,               48.0   ,                          48.0   ,               0   ,                   0   ,          0   ,                        1   ,                        289   ,                       53   ,                  15.0   ,         0.800   ,               27.0   ,                  4344   ,
2026-09-13 06:45:18 ,         498.0   ,             14.0   ,               47.0   ,                          48.0   ,               0   ,                   0   ,          0   ,                        1   ,                        289   ,                       53   ,                  15.0   ,         0.800   ,               26.0   ,                  4344   ,
2026-09-13 06:45:19 ,         499.0   ,             46.0   ,               48.0   ,                          49.0   ,               0   ,                   0   ,         11   ,                        4   ,                        240   ,                       51   ,                  21.0   ,         0.800   ,               27.0   ,                  4227   ,
2026-09-13 06:45:20 ,         498.0   ,             10.0   ,               48.0   ,                          48.0   ,               0   ,                   0   ,          0   ,                        1   ,                        240   ,                       51   ,                  15.0   ,         0.800   ,               26.0   ,                  4229   ,
